Score: 80.54263565891473, Size: 255
Score: 96.74418604651163, Size: 127
Score: 102.27951273532669, Size: 7
